x <- 38

x

y<- x/98

y

z<-y*x/12

z