t <- 1+3

t
r <- t*75

r