x <- 38

y<- x-98

z<-y-x/12

z