x <- 38

x+y


x
y<- x-98

z<-y-x/12

y

z
